"BAT-EUR-07_06_2017":0.21098248949458515,
"ZRX-EUR-22_08_2017":0.29614871127664827,
"ADA-EUR-13_10_2017":0.02371059868838587,